Loudness values at roll angle = 0.000000, trajectory time:0.000000e+000 1.600000
SELa[0] = 7.4168517771704742000000e+001 dB(A)
SELc =  96.52325053248560500000 dB(C)

