Loudness values at roll angle = 0.000000, trajectory time:0.000000e+000 1.600000
SELa[0] = 8.8655674199559215000000e+001 dB(A)
SELc = 106.77995226822659000000 dB(C)

