Loudness values at roll angle = 0.000000, trajectory time:0.000000e+000 1.600000
SELa[0] = 7.5483911977007409000000e+001 dB(A)
SELc =  98.32262849076884900000 dB(C)

